+------+-----+----+------+-----+------+------+-------+--------+-----+------+------+------+-------+------+------+------+-----+------+--------+----+-------+-----+------+------+-------+-----+------+-----+------+-----+-----+-----+
|      |  #  | $  |  ID  | VOP | ALOP | INT  | FLOAT | import | def |  :   |  {   |  }   | while |  (   |  )   | elif |  if | else | return | S  | start | VGL | ALS  | ETT  | DIGIT | IPT | DEFS | WIL | ELF  | IFS | RET | FUC |
+------+-----+----+------+-----+------+------+-------+--------+-----+------+------+------+-------+------+------+------+-----+------+--------+----+-------+-----+------+------+-------+-----+------+-----+------+-----+-----+-----+
|  I0  |  r8 | -1 | s13  |  -1 |  -1  |  -1  |   -1  |  s12   | s11 |  -1  |  -1  |  -1  |  s10  |  -1  |  -1  |  -1  |  s9 |  -1  |   s8   | -1 |   I1  |  I2 |  -1  |  -1  |   -1  |  I3 |  I4  |  I5 |  -1  |  I6 |  I7 |  -1 |
|  I1  | acc | -1 |  -1  |  -1 |  -1  |  -1  |   -1  |   -1   |  -1 |  -1  |  -1  |  -1  |   -1  |  -1  |  -1  |  -1  |  -1 |  -1  |   -1   | -1 |   -1  |  -1 |  -1  |  -1  |   -1  |  -1 |  -1  |  -1 |  -1  |  -1 |  -1 |  -1 |
|  I2  |  r8 | -1 | s13  |  -1 |  -1  |  -1  |   -1  |  s12   | s11 |  -1  |  -1  |  -1  |  s10  |  -1  |  -1  |  -1  |  s9 |  -1  |   s8   | -1 |  I14  |  I2 |  -1  |  -1  |   -1  |  I3 |  I4  |  I5 |  -1  |  I6 |  I7 |  -1 |
|  I3  |  r8 | -1 | s13  |  -1 |  -1  |  -1  |   -1  |  s12   | s11 |  -1  |  -1  |  -1  |  s10  |  -1  |  -1  |  -1  |  s9 |  -1  |   s8   | -1 |  I15  |  I2 |  -1  |  -1  |   -1  |  I3 |  I4  |  I5 |  -1  |  I6 |  I7 |  -1 |
|  I4  |  r8 | -1 | s13  |  -1 |  -1  |  -1  |   -1  |  s12   | s11 |  -1  |  -1  |  -1  |  s10  |  -1  |  -1  |  -1  |  s9 |  -1  |   s8   | -1 |  I16  |  I2 |  -1  |  -1  |   -1  |  I3 |  I4  |  I5 |  -1  |  I6 |  I7 |  -1 |
|  I5  |  r8 | -1 | s13  |  -1 |  -1  |  -1  |   -1  |  s12   | s11 |  -1  |  -1  |  -1  |  s10  |  -1  |  -1  |  -1  |  s9 |  -1  |   s8   | -1 |  I17  |  I2 |  -1  |  -1  |   -1  |  I3 |  I4  |  I5 |  -1  |  I6 |  I7 |  -1 |
|  I6  |  r8 | -1 | s13  |  -1 |  -1  |  -1  |   -1  |  s12   | s11 |  -1  |  -1  |  -1  |  s10  |  -1  |  -1  |  -1  |  s9 |  -1  |   s8   | -1 |  I18  |  I2 |  -1  |  -1  |   -1  |  I3 |  I4  |  I5 |  -1  |  I6 |  I7 |  -1 |
|  I7  |  r8 | -1 | s13  |  -1 |  -1  |  -1  |   -1  |  s12   | s11 |  -1  |  -1  |  -1  |  s10  |  -1  |  -1  |  -1  |  s9 |  -1  |   s8   | -1 |  I19  |  I2 |  -1  |  -1  |   -1  |  I3 |  I4  |  I5 |  -1  |  I6 |  I7 |  -1 |
|  I8  |  -1 | -1 | s24  |  -1 |  -1  | s20  |  s23  |   -1   |  -1 |  -1  |  -1  |  -1  |   -1  |  -1  |  -1  |  -1  |  -1 |  -1  |   -1   | -1 |   -1  |  -1 |  -1  | I21  |  I22  |  -1 |  -1  |  -1 |  -1  |  -1 |  -1 |  -1 |
|  I9  |  -1 | -1 |  -1  |  -1 |  -1  |  -1  |   -1  |   -1   |  -1 |  -1  |  -1  |  -1  |   -1  | s25  |  -1  |  -1  |  -1 |  -1  |   -1   | -1 |   -1  |  -1 |  -1  |  -1  |   -1  |  -1 |  -1  |  -1 |  -1  |  -1 |  -1 |  -1 |
| I10  |  -1 | -1 |  -1  |  -1 |  -1  |  -1  |   -1  |   -1   |  -1 |  -1  |  -1  |  -1  |   -1  | s26  |  -1  |  -1  |  -1 |  -1  |   -1   | -1 |   -1  |  -1 |  -1  |  -1  |   -1  |  -1 |  -1  |  -1 |  -1  |  -1 |  -1 |  -1 |
| I11  |  -1 | -1 | s27  |  -1 |  -1  |  -1  |   -1  |   -1   |  -1 |  -1  |  -1  |  -1  |   -1  |  -1  |  -1  |  -1  |  -1 |  -1  |   -1   | -1 |   -1  |  -1 |  -1  |  -1  |   -1  |  -1 |  -1  |  -1 |  -1  |  -1 |  -1 | I28 |
| I12  |  -1 | -1 | s29  |  -1 |  -1  |  -1  |   -1  |   -1   |  -1 |  -1  |  -1  |  -1  |   -1  |  -1  |  -1  |  -1  |  -1 |  -1  |   -1   | -1 |   -1  |  -1 |  -1  |  -1  |   -1  |  -1 |  -1  |  -1 |  -1  |  -1 |  -1 |  -1 |
| I13  |  -1 | -1 |  -1  | s30 |  -1  |  -1  |   -1  |   -1   |  -1 |  -1  |  -1  |  -1  |   -1  |  -1  |  -1  |  -1  |  -1 |  -1  |   -1   | -1 |   -1  |  -1 |  -1  |  -1  |   -1  |  -1 |  -1  |  -1 |  -1  |  -1 |  -1 |  -1 |
| I14  |  r2 | -1 |  -1  |  -1 |  -1  |  -1  |   -1  |   -1   |  -1 |  -1  |  -1  |  -1  |   -1  |  -1  |  -1  |  -1  |  -1 |  -1  |   -1   | -1 |   -1  |  -1 |  -1  |  -1  |   -1  |  -1 |  -1  |  -1 |  -1  |  -1 |  -1 |  -1 |
| I15  |  r3 | -1 |  -1  |  -1 |  -1  |  -1  |   -1  |   -1   |  -1 |  -1  |  -1  |  -1  |   -1  |  -1  |  -1  |  -1  |  -1 |  -1  |   -1   | -1 |   -1  |  -1 |  -1  |  -1  |   -1  |  -1 |  -1  |  -1 |  -1  |  -1 |  -1 |  -1 |
| I16  |  r4 | -1 |  -1  |  -1 |  -1  |  -1  |   -1  |   -1   |  -1 |  -1  |  -1  |  -1  |   -1  |  -1  |  -1  |  -1  |  -1 |  -1  |   -1   | -1 |   -1  |  -1 |  -1  |  -1  |   -1  |  -1 |  -1  |  -1 |  -1  |  -1 |  -1 |  -1 |
| I17  |  r5 | -1 |  -1  |  -1 |  -1  |  -1  |   -1  |   -1   |  -1 |  -1  |  -1  |  -1  |   -1  |  -1  |  -1  |  -1  |  -1 |  -1  |   -1   | -1 |   -1  |  -1 |  -1  |  -1  |   -1  |  -1 |  -1  |  -1 |  -1  |  -1 |  -1 |  -1 |
| I18  |  r6 | -1 |  -1  |  -1 |  -1  |  -1  |   -1  |   -1   |  -1 |  -1  |  -1  |  -1  |   -1  |  -1  |  -1  |  -1  |  -1 |  -1  |   -1   | -1 |   -1  |  -1 |  -1  |  -1  |   -1  |  -1 |  -1  |  -1 |  -1  |  -1 |  -1 |  -1 |
| I19  |  r7 | -1 |  -1  |  -1 |  -1  |  -1  |   -1  |   -1   |  -1 |  -1  |  -1  |  -1  |   -1  |  -1  |  -1  |  -1  |  -1 |  -1  |   -1   | -1 |   -1  |  -1 |  -1  |  -1  |   -1  |  -1 |  -1  |  -1 |  -1  |  -1 |  -1 |  -1 |
| I20  | r15 | -1 | r15  |  -1 |  -1  |  -1  |   -1  |  r15   | r15 |  -1  |  -1  |  -1  |  r15  |  -1  |  -1  |  -1  | r15 |  -1  |  r15   | -1 |   -1  |  -1 |  -1  |  -1  |   -1  |  -1 |  -1  |  -1 |  -1  |  -1 |  -1 |  -1 |
| I21  | r23 | -1 | r23  |  -1 |  -1  |  -1  |   -1  |  r23   | r23 |  -1  |  -1  |  -1  |  r23  |  -1  |  -1  |  -1  | r23 |  -1  |  r23   | -1 |   -1  |  -1 |  -1  |  -1  |   -1  |  -1 |  -1  |  -1 |  -1  |  -1 |  -1 |  -1 |
| I22  | r14 | -1 | r14  |  -1 |  -1  |  -1  |   -1  |  r14   | r14 |  -1  |  -1  |  -1  |  r14  |  -1  |  -1  |  -1  | r14 |  -1  |  r14   | -1 |   -1  |  -1 |  -1  |  -1  |   -1  |  -1 |  -1  |  -1 |  -1  |  -1 |  -1 |  -1 |
| I23  | r16 | -1 | r16  |  -1 |  -1  |  -1  |   -1  |  r16   | r16 |  -1  |  -1  |  -1  |  r16  |  -1  |  -1  |  -1  | r16 |  -1  |  r16   | -1 |   -1  |  -1 |  -1  |  -1  |   -1  |  -1 |  -1  |  -1 |  -1  |  -1 |  -1 |  -1 |
| I24  | r13 | -1 | r13  |  -1 |  -1  |  -1  |   -1  |  r13   | r13 |  -1  |  -1  |  -1  |  r13  |  -1  |  -1  |  -1  | r13 |  -1  |  r13   | -1 |   -1  |  -1 |  -1  |  -1  |   -1  |  -1 |  -1  |  -1 |  -1  |  -1 |  -1 |  -1 |
| I25  |  -1 | -1 | s32  |  -1 |  -1  | s35  |  s36  |   -1   |  -1 |  -1  |  -1  |  -1  |   -1  |  -1  |  -1  |  -1  |  -1 |  -1  |   -1   | -1 |   -1  |  -1 | I31  | I34  |  I33  |  -1 |  -1  |  -1 |  -1  |  -1 |  -1 |  -1 |
| I26  |  -1 | -1 | s32  |  -1 |  -1  | s35  |  s36  |   -1   |  -1 |  -1  |  -1  |  -1  |   -1  |  -1  |  -1  |  -1  |  -1 |  -1  |   -1   | -1 |   -1  |  -1 | I37  | I34  |  I33  |  -1 |  -1  |  -1 |  -1  |  -1 |  -1 |  -1 |
| I27  |  -1 | -1 |  -1  |  -1 |  -1  |  -1  |   -1  |   -1   |  -1 |  -1  |  -1  |  -1  |   -1  | s38  |  -1  |  -1  |  -1 |  -1  |   -1   | -1 |   -1  |  -1 |  -1  |  -1  |   -1  |  -1 |  -1  |  -1 |  -1  |  -1 |  -1 |  -1 |
| I28  |  -1 | -1 |  -1  |  -1 |  -1  |  -1  |   -1  |   -1   |  -1 | s39  |  -1  |  -1  |   -1  |  -1  |  -1  |  -1  |  -1 |  -1  |   -1   | -1 |   -1  |  -1 |  -1  |  -1  |   -1  |  -1 |  -1  |  -1 |  -1  |  -1 |  -1 |  -1 |
| I29  | r17 | -1 | r17  |  -1 |  -1  |  -1  |   -1  |  r17   | r17 |  -1  |  -1  |  -1  |  r17  |  -1  |  -1  |  -1  | r17 |  -1  |  r17   | -1 |   -1  |  -1 |  -1  |  -1  |   -1  |  -1 |  -1  |  -1 |  -1  |  -1 |  -1 |  -1 |
| I30  |  -1 | -1 | s41  |  -1 |  -1  | s44  |  s45  |   -1   |  -1 |  -1  |  -1  |  -1  |   -1  |  -1  |  -1  |  -1  |  -1 |  -1  |   -1   | -1 |   -1  |  -1 | I40  | I42  |  I43  |  -1 |  -1  |  -1 |  -1  |  -1 |  -1 |  -1 |
| I31  |  -1 | -1 |  -1  |  -1 | s47  |  -1  |   -1  |   -1   |  -1 |  -1  |  -1  |  -1  |   -1  |  -1  | s46  |  -1  |  -1 |  -1  |   -1   | -1 |   -1  |  -1 |  -1  |  -1  |   -1  |  -1 |  -1  |  -1 |  -1  |  -1 |  -1 |  -1 |
| I32  |  -1 | -1 |  -1  |  -1 | r13  |  -1  |   -1  |   -1   |  -1 |  -1  |  -1  |  -1  |   -1  |  -1  |  -1  |  -1  |  -1 |  -1  |   -1   | -1 |   -1  |  -1 |  -1  |  -1  |   -1  |  -1 |  -1  |  -1 |  -1  |  -1 |  -1 |  -1 |
| I33  |  -1 | -1 |  -1  |  -1 | r14  |  -1  |   -1  |   -1   |  -1 |  -1  |  -1  |  -1  |   -1  |  -1  |  -1  |  -1  |  -1 |  -1  |   -1   | -1 |   -1  |  -1 |  -1  |  -1  |   -1  |  -1 |  -1  |  -1 |  -1  |  -1 |  -1 |  -1 |
| I34  |  -1 | -1 |  -1  |  -1 | s48  |  -1  |   -1  |   -1   |  -1 |  -1  |  -1  |  -1  |   -1  |  -1  |  -1  |  -1  |  -1 |  -1  |   -1   | -1 |   -1  |  -1 |  -1  |  -1  |   -1  |  -1 |  -1  |  -1 |  -1  |  -1 |  -1 |  -1 |
| I35  |  -1 | -1 |  -1  |  -1 | r15  |  -1  |   -1  |   -1   |  -1 |  -1  |  -1  |  -1  |   -1  |  -1  |  -1  |  -1  |  -1 |  -1  |   -1   | -1 |   -1  |  -1 |  -1  |  -1  |   -1  |  -1 |  -1  |  -1 |  -1  |  -1 |  -1 |  -1 |
| I36  |  -1 | -1 |  -1  |  -1 | r16  |  -1  |   -1  |   -1   |  -1 |  -1  |  -1  |  -1  |   -1  |  -1  |  -1  |  -1  |  -1 |  -1  |   -1   | -1 |   -1  |  -1 |  -1  |  -1  |   -1  |  -1 |  -1  |  -1 |  -1  |  -1 |  -1 |  -1 |
| I37  |  -1 | -1 |  -1  |  -1 | s47  |  -1  |   -1  |   -1   |  -1 |  -1  |  -1  |  -1  |   -1  |  -1  | s49  |  -1  |  -1 |  -1  |   -1   | -1 |   -1  |  -1 |  -1  |  -1  |   -1  |  -1 |  -1  |  -1 |  -1  |  -1 |  -1 |  -1 |
| I38  |  -1 | -1 | s54  |  -1 |  -1  | s51  |  s53  |   -1   |  -1 |  -1  |  -1  |  -1  |   -1  |  -1  |  -1  |  -1  |  -1 |  -1  |   -1   | -1 |   -1  |  -1 |  -1  | I52  |  I50  |  -1 |  -1  |  -1 |  -1  |  -1 |  -1 |  -1 |
| I39  |  -1 | -1 |  -1  |  -1 |  -1  |  -1  |   -1  |   -1   |  -1 |  -1  | s55  |  -1  |   -1  |  -1  |  -1  |  -1  |  -1 |  -1  |   -1   | -1 |   -1  |  -1 |  -1  |  -1  |   -1  |  -1 |  -1  |  -1 |  -1  |  -1 |  -1 |  -1 |
| I40  | r10 | -1 | r10  |  -1 | s56  |  -1  |   -1  |  r10   | r10 |  -1  |  -1  |  -1  |  r10  |  -1  |  -1  |  -1  | r10 |  -1  |  r10   | -1 |   -1  |  -1 |  -1  |  -1  |   -1  |  -1 |  -1  |  -1 |  -1  |  -1 |  -1 |  -1 |
| I41  | r13 | -1 | r13  |  -1 | r13  |  -1  |   -1  |  r13   | r13 |  -1  |  -1  |  -1  |  r13  |  -1  |  -1  |  -1  | r13 |  -1  |  r13   | -1 |   -1  |  -1 |  -1  |  -1  |   -1  |  -1 |  -1  |  -1 |  -1  |  -1 |  -1 |  -1 |
| I42  |  r9 | -1 |  r9  |  -1 | s57  |  -1  |   -1  |   r9   |  r9 |  -1  |  -1  |  -1  |   r9  |  -1  |  -1  |  -1  |  r9 |  -1  |   r9   | -1 |   -1  |  -1 |  -1  |  -1  |   -1  |  -1 |  -1  |  -1 |  -1  |  -1 |  -1 |  -1 |
| I43  | r14 | -1 | r14  |  -1 | r14  |  -1  |   -1  |  r14   | r14 |  -1  |  -1  |  -1  |  r14  |  -1  |  -1  |  -1  | r14 |  -1  |  r14   | -1 |   -1  |  -1 |  -1  |  -1  |   -1  |  -1 |  -1  |  -1 |  -1  |  -1 |  -1 |  -1 |
| I44  | r15 | -1 | r15  |  -1 | r15  |  -1  |   -1  |  r15   | r15 |  -1  |  -1  |  -1  |  r15  |  -1  |  -1  |  -1  | r15 |  -1  |  r15   | -1 |   -1  |  -1 |  -1  |  -1  |   -1  |  -1 |  -1  |  -1 |  -1  |  -1 |  -1 |  -1 |
| I45  | r16 | -1 | r16  |  -1 | r16  |  -1  |   -1  |  r16   | r16 |  -1  |  -1  |  -1  |  r16  |  -1  |  -1  |  -1  | r16 |  -1  |  r16   | -1 |   -1  |  -1 |  -1  |  -1  |   -1  |  -1 |  -1  |  -1 |  -1  |  -1 |  -1 |  -1 |
| I46  |  -1 | -1 |  -1  |  -1 |  -1  |  -1  |   -1  |   -1   |  -1 | s58  |  -1  |  -1  |   -1  |  -1  |  -1  |  -1  |  -1 |  -1  |   -1   | -1 |   -1  |  -1 |  -1  |  -1  |   -1  |  -1 |  -1  |  -1 |  -1  |  -1 |  -1 |  -1 |
| I47  |  -1 | -1 | s63  |  -1 |  -1  | s59  |  s61  |   -1   |  -1 |  -1  |  -1  |  -1  |   -1  |  -1  |  -1  |  -1  |  -1 |  -1  |   -1   | -1 |   -1  |  -1 |  -1  | I62  |  I60  |  -1 |  -1  |  -1 |  -1  |  -1 |  -1 |  -1 |
| I48  |  -1 | -1 | s63  |  -1 |  -1  | s59  |  s61  |   -1   |  -1 |  -1  |  -1  |  -1  |   -1  |  -1  |  -1  |  -1  |  -1 |  -1  |   -1   | -1 |   -1  |  -1 |  -1  | I64  |  I60  |  -1 |  -1  |  -1 |  -1  |  -1 |  -1 |  -1 |
| I49  |  -1 | -1 |  -1  |  -1 |  -1  |  -1  |   -1  |   -1   |  -1 | s65  |  -1  |  -1  |   -1  |  -1  |  -1  |  -1  |  -1 |  -1  |   -1   | -1 |   -1  |  -1 |  -1  |  -1  |   -1  |  -1 |  -1  |  -1 |  -1  |  -1 |  -1 |  -1 |
| I50  |  -1 | -1 |  -1  |  -1 |  -1  |  -1  |   -1  |   -1   |  -1 |  -1  |  -1  |  -1  |   -1  |  -1  | r14  |  -1  |  -1 |  -1  |   -1   | -1 |   -1  |  -1 |  -1  |  -1  |   -1  |  -1 |  -1  |  -1 |  -1  |  -1 |  -1 |  -1 |
| I51  |  -1 | -1 |  -1  |  -1 |  -1  |  -1  |   -1  |   -1   |  -1 |  -1  |  -1  |  -1  |   -1  |  -1  | r15  |  -1  |  -1 |  -1  |   -1   | -1 |   -1  |  -1 |  -1  |  -1  |   -1  |  -1 |  -1  |  -1 |  -1  |  -1 |  -1 |  -1 |
| I52  |  -1 | -1 |  -1  |  -1 |  -1  |  -1  |   -1  |   -1   |  -1 |  -1  |  -1  |  -1  |   -1  |  -1  | s66  |  -1  |  -1 |  -1  |   -1   | -1 |   -1  |  -1 |  -1  |  -1  |   -1  |  -1 |  -1  |  -1 |  -1  |  -1 |  -1 |  -1 |
| I53  |  -1 | -1 |  -1  |  -1 |  -1  |  -1  |   -1  |   -1   |  -1 |  -1  |  -1  |  -1  |   -1  |  -1  | r16  |  -1  |  -1 |  -1  |   -1   | -1 |   -1  |  -1 |  -1  |  -1  |   -1  |  -1 |  -1  |  -1 |  -1  |  -1 |  -1 |  -1 |
| I54  |  -1 | -1 |  -1  |  -1 |  -1  |  -1  |   -1  |   -1   |  -1 |  -1  |  -1  |  -1  |   -1  |  -1  | r13  |  -1  |  -1 |  -1  |   -1   | -1 |   -1  |  -1 |  -1  |  -1  |   -1  |  -1 |  -1  |  -1 |  -1  |  -1 |  -1 |  -1 |
| I55  |  -1 | -1 | s67  |  -1 |  -1  |  -1  |   -1  |  s73   | s68 |  -1  |  -1  |  r8  |  s74  |  -1  |  -1  |  -1  | s70 |  -1  |  s72   | -1 |  I75  | I78 |  -1  |  -1  |   -1  | I77 | I69  | I71 |  -1  | I76 | I79 |  -1 |
| I56  |  -1 | -1 | s41  |  -1 |  -1  | s44  |  s45  |   -1   |  -1 |  -1  |  -1  |  -1  |   -1  |  -1  |  -1  |  -1  |  -1 |  -1  |   -1   | -1 |   -1  |  -1 |  -1  | I80  |  I43  |  -1 |  -1  |  -1 |  -1  |  -1 |  -1 |  -1 |
| I57  |  -1 | -1 | s41  |  -1 |  -1  | s44  |  s45  |   -1   |  -1 |  -1  |  -1  |  -1  |   -1  |  -1  |  -1  |  -1  |  -1 |  -1  |   -1   | -1 |   -1  |  -1 |  -1  | I81  |  I43  |  -1 |  -1  |  -1 |  -1  |  -1 |  -1 |  -1 |
| I58  |  -1 | -1 |  -1  |  -1 |  -1  |  -1  |   -1  |   -1   |  -1 |  -1  | s82  |  -1  |   -1  |  -1  |  -1  |  -1  |  -1 |  -1  |   -1   | -1 |   -1  |  -1 |  -1  |  -1  |   -1  |  -1 |  -1  |  -1 |  -1  |  -1 |  -1 |  -1 |
| I59  |  -1 | -1 |  -1  |  -1 | r15  |  -1  |   -1  |   -1   |  -1 |  -1  |  -1  |  -1  |   -1  |  -1  | r15  |  -1  |  -1 |  -1  |   -1   | -1 |   -1  |  -1 |  -1  |  -1  |   -1  |  -1 |  -1  |  -1 |  -1  |  -1 |  -1 |  -1 |
| I60  |  -1 | -1 |  -1  |  -1 | r14  |  -1  |   -1  |   -1   |  -1 |  -1  |  -1  |  -1  |   -1  |  -1  | r14  |  -1  |  -1 |  -1  |   -1   | -1 |   -1  |  -1 |  -1  |  -1  |   -1  |  -1 |  -1  |  -1 |  -1  |  -1 |  -1 |  -1 |
| I61  |  -1 | -1 |  -1  |  -1 | r16  |  -1  |   -1  |   -1   |  -1 |  -1  |  -1  |  -1  |   -1  |  -1  | r16  |  -1  |  -1 |  -1  |   -1   | -1 |   -1  |  -1 |  -1  |  -1  |   -1  |  -1 |  -1  |  -1 |  -1  |  -1 |  -1 |  -1 |
| I62  |  -1 | -1 |  -1  |  -1 | r12  |  -1  |   -1  |   -1   |  -1 |  -1  |  -1  |  -1  |   -1  |  -1  | r12  |  -1  |  -1 |  -1  |   -1   | -1 |   -1  |  -1 |  -1  |  -1  |   -1  |  -1 |  -1  |  -1 |  -1  |  -1 |  -1 |  -1 |
| I63  |  -1 | -1 |  -1  |  -1 | r13  |  -1  |   -1  |   -1   |  -1 |  -1  |  -1  |  -1  |   -1  |  -1  | r13  |  -1  |  -1 |  -1  |   -1   | -1 |   -1  |  -1 |  -1  |  -1  |   -1  |  -1 |  -1  |  -1 |  -1  |  -1 |  -1 |  -1 |
| I64  |  -1 | -1 |  -1  |  -1 | r11  |  -1  |   -1  |   -1   |  -1 |  -1  |  -1  |  -1  |   -1  |  -1  | r11  |  -1  |  -1 |  -1  |   -1   | -1 |   -1  |  -1 |  -1  |  -1  |   -1  |  -1 |  -1  |  -1 |  -1  |  -1 |  -1 |  -1 |
| I65  |  -1 | -1 |  -1  |  -1 |  -1  |  -1  |   -1  |   -1   |  -1 |  -1  | s83  |  -1  |   -1  |  -1  |  -1  |  -1  |  -1 |  -1  |   -1   | -1 |   -1  |  -1 |  -1  |  -1  |   -1  |  -1 |  -1  |  -1 |  -1  |  -1 |  -1 |  -1 |
| I66  |  -1 | -1 |  -1  |  -1 |  -1  |  -1  |   -1  |   -1   |  -1 | r24  |  -1  |  -1  |   -1  |  -1  |  -1  |  -1  |  -1 |  -1  |   -1   | -1 |   -1  |  -1 |  -1  |  -1  |   -1  |  -1 |  -1  |  -1 |  -1  |  -1 |  -1 |  -1 |
| I67  |  -1 | -1 |  -1  | s84 |  -1  |  -1  |   -1  |   -1   |  -1 |  -1  |  -1  |  -1  |   -1  |  -1  |  -1  |  -1  |  -1 |  -1  |   -1   | -1 |   -1  |  -1 |  -1  |  -1  |   -1  |  -1 |  -1  |  -1 |  -1  |  -1 |  -1 |  -1 |
| I68  |  -1 | -1 | s27  |  -1 |  -1  |  -1  |   -1  |   -1   |  -1 |  -1  |  -1  |  -1  |   -1  |  -1  |  -1  |  -1  |  -1 |  -1  |   -1   | -1 |   -1  |  -1 |  -1  |  -1  |   -1  |  -1 |  -1  |  -1 |  -1  |  -1 |  -1 | I85 |
| I69  |  -1 | -1 | s67  |  -1 |  -1  |  -1  |   -1  |  s73   | s68 |  -1  |  -1  |  r8  |  s74  |  -1  |  -1  |  -1  | s70 |  -1  |  s72   | -1 |  I86  | I78 |  -1  |  -1  |   -1  | I77 | I69  | I71 |  -1  | I76 | I79 |  -1 |
| I70  |  -1 | -1 |  -1  |  -1 |  -1  |  -1  |   -1  |   -1   |  -1 |  -1  |  -1  |  -1  |   -1  | s87  |  -1  |  -1  |  -1 |  -1  |   -1   | -1 |   -1  |  -1 |  -1  |  -1  |   -1  |  -1 |  -1  |  -1 |  -1  |  -1 |  -1 |  -1 |
| I71  |  -1 | -1 | s67  |  -1 |  -1  |  -1  |   -1  |  s73   | s68 |  -1  |  -1  |  r8  |  s74  |  -1  |  -1  |  -1  | s70 |  -1  |  s72   | -1 |  I88  | I78 |  -1  |  -1  |   -1  | I77 | I69  | I71 |  -1  | I76 | I79 |  -1 |
| I72  |  -1 | -1 | s93  |  -1 |  -1  | s89  |  s92  |   -1   |  -1 |  -1  |  -1  |  -1  |   -1  |  -1  |  -1  |  -1  |  -1 |  -1  |   -1   | -1 |   -1  |  -1 |  -1  | I90  |  I91  |  -1 |  -1  |  -1 |  -1  |  -1 |  -1 |  -1 |
| I73  |  -1 | -1 | s94  |  -1 |  -1  |  -1  |   -1  |   -1   |  -1 |  -1  |  -1  |  -1  |   -1  |  -1  |  -1  |  -1  |  -1 |  -1  |   -1   | -1 |   -1  |  -1 |  -1  |  -1  |   -1  |  -1 |  -1  |  -1 |  -1  |  -1 |  -1 |  -1 |
| I74  |  -1 | -1 |  -1  |  -1 |  -1  |  -1  |   -1  |   -1   |  -1 |  -1  |  -1  |  -1  |   -1  | s95  |  -1  |  -1  |  -1 |  -1  |   -1   | -1 |   -1  |  -1 |  -1  |  -1  |   -1  |  -1 |  -1  |  -1 |  -1  |  -1 |  -1 |  -1 |
| I75  |  -1 | -1 |  -1  |  -1 |  -1  |  -1  |   -1  |   -1   |  -1 |  -1  |  -1  | s96  |   -1  |  -1  |  -1  |  -1  |  -1 |  -1  |   -1   | -1 |   -1  |  -1 |  -1  |  -1  |   -1  |  -1 |  -1  |  -1 |  -1  |  -1 |  -1 |  -1 |
| I76  |  -1 | -1 | s67  |  -1 |  -1  |  -1  |   -1  |  s73   | s68 |  -1  |  -1  |  r8  |  s74  |  -1  |  -1  |  -1  | s70 |  -1  |  s72   | -1 |  I97  | I78 |  -1  |  -1  |   -1  | I77 | I69  | I71 |  -1  | I76 | I79 |  -1 |
| I77  |  -1 | -1 | s67  |  -1 |  -1  |  -1  |   -1  |  s73   | s68 |  -1  |  -1  |  r8  |  s74  |  -1  |  -1  |  -1  | s70 |  -1  |  s72   | -1 |  I98  | I78 |  -1  |  -1  |   -1  | I77 | I69  | I71 |  -1  | I76 | I79 |  -1 |
| I78  |  -1 | -1 | s67  |  -1 |  -1  |  -1  |   -1  |  s73   | s68 |  -1  |  -1  |  r8  |  s74  |  -1  |  -1  |  -1  | s70 |  -1  |  s72   | -1 |  I99  | I78 |  -1  |  -1  |   -1  | I77 | I69  | I71 |  -1  | I76 | I79 |  -1 |
| I79  |  -1 | -1 | s67  |  -1 |  -1  |  -1  |   -1  |  s73   | s68 |  -1  |  -1  |  r8  |  s74  |  -1  |  -1  |  -1  | s70 |  -1  |  s72   | -1 |  I100 | I78 |  -1  |  -1  |   -1  | I77 | I69  | I71 |  -1  | I76 | I79 |  -1 |
| I80  | r12 | -1 | r12  |  -1 | r12  |  -1  |   -1  |  r12   | r12 |  -1  |  -1  |  -1  |  r12  |  -1  |  -1  |  -1  | r12 |  -1  |  r12   | -1 |   -1  |  -1 |  -1  |  -1  |   -1  |  -1 |  -1  |  -1 |  -1  |  -1 |  -1 |  -1 |
| I81  | r11 | -1 | r11  |  -1 | r11  |  -1  |   -1  |  r11   | r11 |  -1  |  -1  |  -1  |  r11  |  -1  |  -1  |  -1  | r11 |  -1  |  r11   | -1 |   -1  |  -1 |  -1  |  -1  |   -1  |  -1 |  -1  |  -1 |  -1  |  -1 |  -1 |  -1 |
| I82  |  -1 | -1 | s67  |  -1 |  -1  |  -1  |   -1  |  s73   | s68 |  -1  |  -1  |  r8  |  s74  |  -1  |  -1  |  -1  | s70 |  -1  |  s72   | -1 |  I101 | I78 |  -1  |  -1  |   -1  | I77 | I69  | I71 |  -1  | I76 | I79 |  -1 |
| I83  |  -1 | -1 | s67  |  -1 |  -1  |  -1  |   -1  |  s73   | s68 |  -1  |  -1  |  r8  |  s74  |  -1  |  -1  |  -1  | s70 |  -1  |  s72   | -1 |  I102 | I78 |  -1  |  -1  |   -1  | I77 | I69  | I71 |  -1  | I76 | I79 |  -1 |
| I84  |  -1 | -1 | s104 |  -1 |  -1  | s107 |  s108 |   -1   |  -1 |  -1  |  -1  |  -1  |   -1  |  -1  |  -1  |  -1  |  -1 |  -1  |   -1   | -1 |   -1  |  -1 | I103 | I105 |  I106 |  -1 |  -1  |  -1 |  -1  |  -1 |  -1 |  -1 |
| I85  |  -1 | -1 |  -1  |  -1 |  -1  |  -1  |   -1  |   -1   |  -1 | s109 |  -1  |  -1  |   -1  |  -1  |  -1  |  -1  |  -1 |  -1  |   -1   | -1 |   -1  |  -1 |  -1  |  -1  |   -1  |  -1 |  -1  |  -1 |  -1  |  -1 |  -1 |  -1 |
| I86  |  -1 | -1 |  -1  |  -1 |  -1  |  -1  |   -1  |   -1   |  -1 |  -1  |  -1  |  r4  |   -1  |  -1  |  -1  |  -1  |  -1 |  -1  |   -1   | -1 |   -1  |  -1 |  -1  |  -1  |   -1  |  -1 |  -1  |  -1 |  -1  |  -1 |  -1 |  -1 |
| I87  |  -1 | -1 | s32  |  -1 |  -1  | s35  |  s36  |   -1   |  -1 |  -1  |  -1  |  -1  |   -1  |  -1  |  -1  |  -1  |  -1 |  -1  |   -1   | -1 |   -1  |  -1 | I110 | I34  |  I33  |  -1 |  -1  |  -1 |  -1  |  -1 |  -1 |  -1 |
| I88  |  -1 | -1 |  -1  |  -1 |  -1  |  -1  |   -1  |   -1   |  -1 |  -1  |  -1  |  r5  |   -1  |  -1  |  -1  |  -1  |  -1 |  -1  |   -1   | -1 |   -1  |  -1 |  -1  |  -1  |   -1  |  -1 |  -1  |  -1 |  -1  |  -1 |  -1 |  -1 |
| I89  |  -1 | -1 | r15  |  -1 |  -1  |  -1  |   -1  |  r15   | r15 |  -1  |  -1  | r15  |  r15  |  -1  |  -1  |  -1  | r15 |  -1  |  r15   | -1 |   -1  |  -1 |  -1  |  -1  |   -1  |  -1 |  -1  |  -1 |  -1  |  -1 |  -1 |  -1 |
| I90  |  -1 | -1 | r23  |  -1 |  -1  |  -1  |   -1  |  r23   | r23 |  -1  |  -1  | r23  |  r23  |  -1  |  -1  |  -1  | r23 |  -1  |  r23   | -1 |   -1  |  -1 |  -1  |  -1  |   -1  |  -1 |  -1  |  -1 |  -1  |  -1 |  -1 |  -1 |
| I91  |  -1 | -1 | r14  |  -1 |  -1  |  -1  |   -1  |  r14   | r14 |  -1  |  -1  | r14  |  r14  |  -1  |  -1  |  -1  | r14 |  -1  |  r14   | -1 |   -1  |  -1 |  -1  |  -1  |   -1  |  -1 |  -1  |  -1 |  -1  |  -1 |  -1 |  -1 |
| I92  |  -1 | -1 | r16  |  -1 |  -1  |  -1  |   -1  |  r16   | r16 |  -1  |  -1  | r16  |  r16  |  -1  |  -1  |  -1  | r16 |  -1  |  r16   | -1 |   -1  |  -1 |  -1  |  -1  |   -1  |  -1 |  -1  |  -1 |  -1  |  -1 |  -1 |  -1 |
| I93  |  -1 | -1 | r13  |  -1 |  -1  |  -1  |   -1  |  r13   | r13 |  -1  |  -1  | r13  |  r13  |  -1  |  -1  |  -1  | r13 |  -1  |  r13   | -1 |   -1  |  -1 |  -1  |  -1  |   -1  |  -1 |  -1  |  -1 |  -1  |  -1 |  -1 |  -1 |
| I94  |  -1 | -1 | r17  |  -1 |  -1  |  -1  |   -1  |  r17   | r17 |  -1  |  -1  | r17  |  r17  |  -1  |  -1  |  -1  | r17 |  -1  |  r17   | -1 |   -1  |  -1 |  -1  |  -1  |   -1  |  -1 |  -1  |  -1 |  -1  |  -1 |  -1 |  -1 |
| I95  |  -1 | -1 | s32  |  -1 |  -1  | s35  |  s36  |   -1   |  -1 |  -1  |  -1  |  -1  |   -1  |  -1  |  -1  |  -1  |  -1 |  -1  |   -1   | -1 |   -1  |  -1 | I111 | I34  |  I33  |  -1 |  -1  |  -1 |  -1  |  -1 |  -1 |  -1 |
| I96  | r18 | -1 | r18  |  -1 |  -1  |  -1  |   -1  |  r18   | r18 |  -1  |  -1  |  -1  |  r18  |  -1  |  -1  |  -1  | r18 |  -1  |  r18   | -1 |   -1  |  -1 |  -1  |  -1  |   -1  |  -1 |  -1  |  -1 |  -1  |  -1 |  -1 |  -1 |
| I97  |  -1 | -1 |  -1  |  -1 |  -1  |  -1  |   -1  |   -1   |  -1 |  -1  |  -1  |  r6  |   -1  |  -1  |  -1  |  -1  |  -1 |  -1  |   -1   | -1 |   -1  |  -1 |  -1  |  -1  |   -1  |  -1 |  -1  |  -1 |  -1  |  -1 |  -1 |  -1 |
| I98  |  -1 | -1 |  -1  |  -1 |  -1  |  -1  |   -1  |   -1   |  -1 |  -1  |  -1  |  r3  |   -1  |  -1  |  -1  |  -1  |  -1 |  -1  |   -1   | -1 |   -1  |  -1 |  -1  |  -1  |   -1  |  -1 |  -1  |  -1 |  -1  |  -1 |  -1 |  -1 |
| I99  |  -1 | -1 |  -1  |  -1 |  -1  |  -1  |   -1  |   -1   |  -1 |  -1  |  -1  |  r2  |   -1  |  -1  |  -1  |  -1  |  -1 |  -1  |   -1   | -1 |   -1  |  -1 |  -1  |  -1  |   -1  |  -1 |  -1  |  -1 |  -1  |  -1 |  -1 |  -1 |
| I100 |  -1 | -1 |  -1  |  -1 |  -1  |  -1  |   -1  |   -1   |  -1 |  -1  |  -1  |  r7  |   -1  |  -1  |  -1  |  -1  |  -1 |  -1  |   -1   | -1 |   -1  |  -1 |  -1  |  -1  |   -1  |  -1 |  -1  |  -1 |  -1  |  -1 |  -1 |  -1 |
| I101 |  -1 | -1 |  -1  |  -1 |  -1  |  -1  |   -1  |   -1   |  -1 |  -1  |  -1  | s112 |   -1  |  -1  |  -1  |  -1  |  -1 |  -1  |   -1   | -1 |   -1  |  -1 |  -1  |  -1  |   -1  |  -1 |  -1  |  -1 |  -1  |  -1 |  -1 |  -1 |
| I102 |  -1 | -1 |  -1  |  -1 |  -1  |  -1  |   -1  |   -1   |  -1 |  -1  |  -1  | s113 |   -1  |  -1  |  -1  |  -1  |  -1 |  -1  |   -1   | -1 |   -1  |  -1 |  -1  |  -1  |   -1  |  -1 |  -1  |  -1 |  -1  |  -1 |  -1 |  -1 |
| I103 |  -1 | -1 | r10  |  -1 | s114 |  -1  |   -1  |  r10   | r10 |  -1  |  -1  | r10  |  r10  |  -1  |  -1  |  -1  | r10 |  -1  |  r10   | -1 |   -1  |  -1 |  -1  |  -1  |   -1  |  -1 |  -1  |  -1 |  -1  |  -1 |  -1 |  -1 |
| I104 |  -1 | -1 | r13  |  -1 | r13  |  -1  |   -1  |  r13   | r13 |  -1  |  -1  | r13  |  r13  |  -1  |  -1  |  -1  | r13 |  -1  |  r13   | -1 |   -1  |  -1 |  -1  |  -1  |   -1  |  -1 |  -1  |  -1 |  -1  |  -1 |  -1 |  -1 |
| I105 |  -1 | -1 |  r9  |  -1 | s115 |  -1  |   -1  |   r9   |  r9 |  -1  |  -1  |  r9  |   r9  |  -1  |  -1  |  -1  |  r9 |  -1  |   r9   | -1 |   -1  |  -1 |  -1  |  -1  |   -1  |  -1 |  -1  |  -1 |  -1  |  -1 |  -1 |  -1 |
| I106 |  -1 | -1 | r14  |  -1 | r14  |  -1  |   -1  |  r14   | r14 |  -1  |  -1  | r14  |  r14  |  -1  |  -1  |  -1  | r14 |  -1  |  r14   | -1 |   -1  |  -1 |  -1  |  -1  |   -1  |  -1 |  -1  |  -1 |  -1  |  -1 |  -1 |  -1 |
| I107 |  -1 | -1 | r15  |  -1 | r15  |  -1  |   -1  |  r15   | r15 |  -1  |  -1  | r15  |  r15  |  -1  |  -1  |  -1  | r15 |  -1  |  r15   | -1 |   -1  |  -1 |  -1  |  -1  |   -1  |  -1 |  -1  |  -1 |  -1  |  -1 |  -1 |  -1 |
| I108 |  -1 | -1 | r16  |  -1 | r16  |  -1  |   -1  |  r16   | r16 |  -1  |  -1  | r16  |  r16  |  -1  |  -1  |  -1  | r16 |  -1  |  r16   | -1 |   -1  |  -1 |  -1  |  -1  |   -1  |  -1 |  -1  |  -1 |  -1  |  -1 |  -1 |  -1 |
| I109 |  -1 | -1 |  -1  |  -1 |  -1  |  -1  |   -1  |   -1   |  -1 |  -1  | s116 |  -1  |   -1  |  -1  |  -1  |  -1  |  -1 |  -1  |   -1   | -1 |   -1  |  -1 |  -1  |  -1  |   -1  |  -1 |  -1  |  -1 |  -1  |  -1 |  -1 |  -1 |
| I110 |  -1 | -1 |  -1  |  -1 | s47  |  -1  |   -1  |   -1   |  -1 |  -1  |  -1  |  -1  |   -1  |  -1  | s117 |  -1  |  -1 |  -1  |   -1   | -1 |   -1  |  -1 |  -1  |  -1  |   -1  |  -1 |  -1  |  -1 |  -1  |  -1 |  -1 |  -1 |
| I111 |  -1 | -1 |  -1  |  -1 | s47  |  -1  |   -1  |   -1   |  -1 |  -1  |  -1  |  -1  |   -1  |  -1  | s118 |  -1  |  -1 |  -1  |   -1   | -1 |   -1  |  -1 |  -1  |  -1  |   -1  |  -1 |  -1  |  -1 |  -1  |  -1 |  -1 |  -1 |
| I112 |  -1 | -1 |  -1  |  -1 |  -1  |  -1  |   -1  |   -1   |  -1 |  -1  |  -1  |  -1  |   -1  |  -1  |  -1  | s119 |  -1 | r21  |   -1   | -1 |   -1  |  -1 |  -1  |  -1  |   -1  |  -1 |  -1  |  -1 | I120 |  -1 |  -1 |  -1 |
| I113 | r19 | -1 | r19  |  -1 |  -1  |  -1  |   -1  |  r19   | r19 |  -1  |  -1  |  -1  |  r19  |  -1  |  -1  |  -1  | r19 |  -1  |  r19   | -1 |   -1  |  -1 |  -1  |  -1  |   -1  |  -1 |  -1  |  -1 |  -1  |  -1 |  -1 |  -1 |
| I114 |  -1 | -1 | s104 |  -1 |  -1  | s107 |  s108 |   -1   |  -1 |  -1  |  -1  |  -1  |   -1  |  -1  |  -1  |  -1  |  -1 |  -1  |   -1   | -1 |   -1  |  -1 |  -1  | I121 |  I106 |  -1 |  -1  |  -1 |  -1  |  -1 |  -1 |  -1 |
| I115 |  -1 | -1 | s104 |  -1 |  -1  | s107 |  s108 |   -1   |  -1 |  -1  |  -1  |  -1  |   -1  |  -1  |  -1  |  -1  |  -1 |  -1  |   -1   | -1 |   -1  |  -1 |  -1  | I122 |  I106 |  -1 |  -1  |  -1 |  -1  |  -1 |  -1 |  -1 |
| I116 |  -1 | -1 | s67  |  -1 |  -1  |  -1  |   -1  |  s73   | s68 |  -1  |  -1  |  r8  |  s74  |  -1  |  -1  |  -1  | s70 |  -1  |  s72   | -1 |  I123 | I78 |  -1  |  -1  |   -1  | I77 | I69  | I71 |  -1  | I76 | I79 |  -1 |
| I117 |  -1 | -1 |  -1  |  -1 |  -1  |  -1  |   -1  |   -1   |  -1 | s124 |  -1  |  -1  |   -1  |  -1  |  -1  |  -1  |  -1 |  -1  |   -1   | -1 |   -1  |  -1 |  -1  |  -1  |   -1  |  -1 |  -1  |  -1 |  -1  |  -1 |  -1 |  -1 |
| I118 |  -1 | -1 |  -1  |  -1 |  -1  |  -1  |   -1  |   -1   |  -1 | s125 |  -1  |  -1  |   -1  |  -1  |  -1  |  -1  |  -1 |  -1  |   -1   | -1 |   -1  |  -1 |  -1  |  -1  |   -1  |  -1 |  -1  |  -1 |  -1  |  -1 |  -1 |  -1 |
| I119 |  -1 | -1 |  -1  |  -1 |  -1  |  -1  |   -1  |   -1   |  -1 |  -1  |  -1  |  -1  |   -1  | s126 |  -1  |  -1  |  -1 |  -1  |   -1   | -1 |   -1  |  -1 |  -1  |  -1  |   -1  |  -1 |  -1  |  -1 |  -1  |  -1 |  -1 |  -1 |
| I120 |  -1 | -1 |  -1  |  -1 |  -1  |  -1  |   -1  |   -1   |  -1 |  -1  |  -1  |  -1  |   -1  |  -1  |  -1  |  -1  |  -1 | s127 |   -1   | -1 |   -1  |  -1 |  -1  |  -1  |   -1  |  -1 |  -1  |  -1 |  -1  |  -1 |  -1 |  -1 |
| I121 |  -1 | -1 | r12  |  -1 | r12  |  -1  |   -1  |  r12   | r12 |  -1  |  -1  | r12  |  r12  |  -1  |  -1  |  -1  | r12 |  -1  |  r12   | -1 |   -1  |  -1 |  -1  |  -1  |   -1  |  -1 |  -1  |  -1 |  -1  |  -1 |  -1 |  -1 |
| I122 |  -1 | -1 | r11  |  -1 | r11  |  -1  |   -1  |  r11   | r11 |  -1  |  -1  | r11  |  r11  |  -1  |  -1  |  -1  | r11 |  -1  |  r11   | -1 |   -1  |  -1 |  -1  |  -1  |   -1  |  -1 |  -1  |  -1 |  -1  |  -1 |  -1 |  -1 |
| I123 |  -1 | -1 |  -1  |  -1 |  -1  |  -1  |   -1  |   -1   |  -1 |  -1  |  -1  | s128 |   -1  |  -1  |  -1  |  -1  |  -1 |  -1  |   -1   | -1 |   -1  |  -1 |  -1  |  -1  |   -1  |  -1 |  -1  |  -1 |  -1  |  -1 |  -1 |  -1 |
| I124 |  -1 | -1 |  -1  |  -1 |  -1  |  -1  |   -1  |   -1   |  -1 |  -1  | s129 |  -1  |   -1  |  -1  |  -1  |  -1  |  -1 |  -1  |   -1   | -1 |   -1  |  -1 |  -1  |  -1  |   -1  |  -1 |  -1  |  -1 |  -1  |  -1 |  -1 |  -1 |
| I125 |  -1 | -1 |  -1  |  -1 |  -1  |  -1  |   -1  |   -1   |  -1 |  -1  | s130 |  -1  |   -1  |  -1  |  -1  |  -1  |  -1 |  -1  |   -1   | -1 |   -1  |  -1 |  -1  |  -1  |   -1  |  -1 |  -1  |  -1 |  -1  |  -1 |  -1 |  -1 |
| I126 |  -1 | -1 | s32  |  -1 |  -1  | s35  |  s36  |   -1   |  -1 |  -1  |  -1  |  -1  |   -1  |  -1  |  -1  |  -1  |  -1 |  -1  |   -1   | -1 |   -1  |  -1 | I131 | I34  |  I33  |  -1 |  -1  |  -1 |  -1  |  -1 |  -1 |  -1 |
| I127 |  -1 | -1 |  -1  |  -1 |  -1  |  -1  |   -1  |   -1   |  -1 | s132 |  -1  |  -1  |   -1  |  -1  |  -1  |  -1  |  -1 |  -1  |   -1   | -1 |   -1  |  -1 |  -1  |  -1  |   -1  |  -1 |  -1  |  -1 |  -1  |  -1 |  -1 |  -1 |
| I128 |  -1 | -1 | r18  |  -1 |  -1  |  -1  |   -1  |  r18   | r18 |  -1  |  -1  | r18  |  r18  |  -1  |  -1  |  -1  | r18 |  -1  |  r18   | -1 |   -1  |  -1 |  -1  |  -1  |   -1  |  -1 |  -1  |  -1 |  -1  |  -1 |  -1 |  -1 |
| I129 |  -1 | -1 | s67  |  -1 |  -1  |  -1  |   -1  |  s73   | s68 |  -1  |  -1  |  r8  |  s74  |  -1  |  -1  |  -1  | s70 |  -1  |  s72   | -1 |  I133 | I78 |  -1  |  -1  |   -1  | I77 | I69  | I71 |  -1  | I76 | I79 |  -1 |
| I130 |  -1 | -1 | s67  |  -1 |  -1  |  -1  |   -1  |  s73   | s68 |  -1  |  -1  |  r8  |  s74  |  -1  |  -1  |  -1  | s70 |  -1  |  s72   | -1 |  I134 | I78 |  -1  |  -1  |   -1  | I77 | I69  | I71 |  -1  | I76 | I79 |  -1 |
| I131 |  -1 | -1 |  -1  |  -1 | s47  |  -1  |   -1  |   -1   |  -1 |  -1  |  -1  |  -1  |   -1  |  -1  | s135 |  -1  |  -1 |  -1  |   -1   | -1 |   -1  |  -1 |  -1  |  -1  |   -1  |  -1 |  -1  |  -1 |  -1  |  -1 |  -1 |  -1 |
| I132 |  -1 | -1 |  -1  |  -1 |  -1  |  -1  |   -1  |   -1   |  -1 |  -1  | s136 |  -1  |   -1  |  -1  |  -1  |  -1  |  -1 |  -1  |   -1   | -1 |   -1  |  -1 |  -1  |  -1  |   -1  |  -1 |  -1  |  -1 |  -1  |  -1 |  -1 |  -1 |
| I133 |  -1 | -1 |  -1  |  -1 |  -1  |  -1  |   -1  |   -1   |  -1 |  -1  |  -1  | s137 |   -1  |  -1  |  -1  |  -1  |  -1 |  -1  |   -1   | -1 |   -1  |  -1 |  -1  |  -1  |   -1  |  -1 |  -1  |  -1 |  -1  |  -1 |  -1 |  -1 |
| I134 |  -1 | -1 |  -1  |  -1 |  -1  |  -1  |   -1  |   -1   |  -1 |  -1  |  -1  | s138 |   -1  |  -1  |  -1  |  -1  |  -1 |  -1  |   -1   | -1 |   -1  |  -1 |  -1  |  -1  |   -1  |  -1 |  -1  |  -1 |  -1  |  -1 |  -1 |  -1 |
| I135 |  -1 | -1 |  -1  |  -1 |  -1  |  -1  |   -1  |   -1   |  -1 | s139 |  -1  |  -1  |   -1  |  -1  |  -1  |  -1  |  -1 |  -1  |   -1   | -1 |   -1  |  -1 |  -1  |  -1  |   -1  |  -1 |  -1  |  -1 |  -1  |  -1 |  -1 |  -1 |
| I136 |  -1 | -1 | s67  |  -1 |  -1  |  -1  |   -1  |  s73   | s68 |  -1  |  -1  |  r8  |  s74  |  -1  |  -1  |  -1  | s70 |  -1  |  s72   | -1 |  I140 | I78 |  -1  |  -1  |   -1  | I77 | I69  | I71 |  -1  | I76 | I79 |  -1 |
| I137 |  -1 | -1 |  -1  |  -1 |  -1  |  -1  |   -1  |   -1   |  -1 |  -1  |  -1  |  -1  |   -1  |  -1  |  -1  | s119 |  -1 | r21  |   -1   | -1 |   -1  |  -1 |  -1  |  -1  |   -1  |  -1 |  -1  |  -1 | I141 |  -1 |  -1 |  -1 |
| I138 |  -1 | -1 | r19  |  -1 |  -1  |  -1  |   -1  |  r19   | r19 |  -1  |  -1  | r19  |  r19  |  -1  |  -1  |  -1  | r19 |  -1  |  r19   | -1 |   -1  |  -1 |  -1  |  -1  |   -1  |  -1 |  -1  |  -1 |  -1  |  -1 |  -1 |  -1 |
| I139 |  -1 | -1 |  -1  |  -1 |  -1  |  -1  |   -1  |   -1   |  -1 |  -1  | s142 |  -1  |   -1  |  -1  |  -1  |  -1  |  -1 |  -1  |   -1   | -1 |   -1  |  -1 |  -1  |  -1  |   -1  |  -1 |  -1  |  -1 |  -1  |  -1 |  -1 |  -1 |
| I140 |  -1 | -1 |  -1  |  -1 |  -1  |  -1  |   -1  |   -1   |  -1 |  -1  |  -1  | s143 |   -1  |  -1  |  -1  |  -1  |  -1 |  -1  |   -1   | -1 |   -1  |  -1 |  -1  |  -1  |   -1  |  -1 |  -1  |  -1 |  -1  |  -1 |  -1 |  -1 |
| I141 |  -1 | -1 |  -1  |  -1 |  -1  |  -1  |   -1  |   -1   |  -1 |  -1  |  -1  |  -1  |   -1  |  -1  |  -1  |  -1  |  -1 | s144 |   -1   | -1 |   -1  |  -1 |  -1  |  -1  |   -1  |  -1 |  -1  |  -1 |  -1  |  -1 |  -1 |  -1 |
| I142 |  -1 | -1 | s67  |  -1 |  -1  |  -1  |   -1  |  s73   | s68 |  -1  |  -1  |  r8  |  s74  |  -1  |  -1  |  -1  | s70 |  -1  |  s72   | -1 |  I145 | I78 |  -1  |  -1  |   -1  | I77 | I69  | I71 |  -1  | I76 | I79 |  -1 |
| I143 | r22 | -1 | r22  |  -1 |  -1  |  -1  |   -1  |  r22   | r22 |  -1  |  -1  |  -1  |  r22  |  -1  |  -1  |  -1  | r22 |  -1  |  r22   | -1 |   -1  |  -1 |  -1  |  -1  |   -1  |  -1 |  -1  |  -1 |  -1  |  -1 |  -1 |  -1 |
| I144 |  -1 | -1 |  -1  |  -1 |  -1  |  -1  |   -1  |   -1   |  -1 | s146 |  -1  |  -1  |   -1  |  -1  |  -1  |  -1  |  -1 |  -1  |   -1   | -1 |   -1  |  -1 |  -1  |  -1  |   -1  |  -1 |  -1  |  -1 |  -1  |  -1 |  -1 |  -1 |
| I145 |  -1 | -1 |  -1  |  -1 |  -1  |  -1  |   -1  |   -1   |  -1 |  -1  |  -1  | s147 |   -1  |  -1  |  -1  |  -1  |  -1 |  -1  |   -1   | -1 |   -1  |  -1 |  -1  |  -1  |   -1  |  -1 |  -1  |  -1 |  -1  |  -1 |  -1 |  -1 |
| I146 |  -1 | -1 |  -1  |  -1 |  -1  |  -1  |   -1  |   -1   |  -1 |  -1  | s148 |  -1  |   -1  |  -1  |  -1  |  -1  |  -1 |  -1  |   -1   | -1 |   -1  |  -1 |  -1  |  -1  |   -1  |  -1 |  -1  |  -1 |  -1  |  -1 |  -1 |  -1 |
| I147 |  -1 | -1 |  -1  |  -1 |  -1  |  -1  |   -1  |   -1   |  -1 |  -1  |  -1  |  -1  |   -1  |  -1  |  -1  | s119 |  -1 | r21  |   -1   | -1 |   -1  |  -1 |  -1  |  -1  |   -1  |  -1 |  -1  |  -1 | I149 |  -1 |  -1 |  -1 |
| I148 |  -1 | -1 | s67  |  -1 |  -1  |  -1  |   -1  |  s73   | s68 |  -1  |  -1  |  r8  |  s74  |  -1  |  -1  |  -1  | s70 |  -1  |  s72   | -1 |  I150 | I78 |  -1  |  -1  |   -1  | I77 | I69  | I71 |  -1  | I76 | I79 |  -1 |
| I149 |  -1 | -1 |  -1  |  -1 |  -1  |  -1  |   -1  |   -1   |  -1 |  -1  |  -1  |  -1  |   -1  |  -1  |  -1  |  -1  |  -1 | r20  |   -1   | -1 |   -1  |  -1 |  -1  |  -1  |   -1  |  -1 |  -1  |  -1 |  -1  |  -1 |  -1 |  -1 |
| I150 |  -1 | -1 |  -1  |  -1 |  -1  |  -1  |   -1  |   -1   |  -1 |  -1  |  -1  | s151 |   -1  |  -1  |  -1  |  -1  |  -1 |  -1  |   -1   | -1 |   -1  |  -1 |  -1  |  -1  |   -1  |  -1 |  -1  |  -1 |  -1  |  -1 |  -1 |  -1 |
| I151 |  -1 | -1 | r22  |  -1 |  -1  |  -1  |   -1  |  r22   | r22 |  -1  |  -1  | r22  |  r22  |  -1  |  -1  |  -1  | r22 |  -1  |  r22   | -1 |   -1  |  -1 |  -1  |  -1  |   -1  |  -1 |  -1  |  -1 |  -1  |  -1 |  -1 |  -1 |
+------+-----+----+------+-----+------+------+-------+--------+-----+------+------+------+-------+------+------+------+-----+------+--------+----+-------+-----+------+------+-------+-----+------+-----+------+-----+-----+-----+